3 2/12/2017
134276 Framis-R 8 7.35
125790 Framis-L 12 15.76
100086 Aglet  395 0.11
2 1/23/2017
135876 Wrench 12 22.50
543287 Henway 4 19.25
3 1/15/2017
161432 Widget 5 6.50
543289 Wodget 10 2.25
876234 Gadget  2 10.75
9 2/16/2017
198765 Corkle 2 12.18
107654 Swale 3  8.75
987987 Sinter 5 6.43
654821 Zangle 6 18.45
432165 Lunule 7 9.60
333221 Fangle 10 58.49
654098 Fwetstock 3 12.65
543210 Furnal 3  9.98
543287 Bobble 12 19.25
6 2/26/2017
654821 Muntin 2 18.45
766443 Finwiddie 9 2.22
120980 Ferkle 100 0.12
123222 Sneedooper 700 1.19
876543 Ferrule 2 345.77
877721 Uberfrock 14 88.93